-1.750000000000000000e+00
-3.750000000000000000e-01
-2.250000000000000000e+00
-1.812500000000000000e+00
6.250000000000000000e-02
-3.750000000000000000e-01
-1.312500000000000000e+00
-3.750000000000000000e-01
-1.500000000000000000e+00
-5.625000000000000000e-01
-1.312500000000000000e+00
-1.250000000000000000e+00
-1.500000000000000000e+00
-7.500000000000000000e-01
-1.250000000000000000e+00
-1.500000000000000000e+00
-1.750000000000000000e+00
-2.187500000000000000e+00
-1.000000000000000000e+00
-5.625000000000000000e-01
-1.875000000000000000e-01
-2.437500000000000000e+00
-2.500000000000000000e-01
-2.500000000000000000e-01
0.000000000000000000e+00
-5.000000000000000000e-01
-8.750000000000000000e-01
-6.250000000000000000e-01
-1.375000000000000000e+00
-1.375000000000000000e+00
-1.625000000000000000e+00
-1.062500000000000000e+00
-2.875000000000000000e+00
-4.375000000000000000e-01
