-1.687500000000000000e+00
-5.000000000000000000e-01
-2.125000000000000000e+00
-1.812500000000000000e+00
-1.875000000000000000e-01
-5.000000000000000000e-01
-1.375000000000000000e+00
-5.000000000000000000e-01
-1.562500000000000000e+00
-7.500000000000000000e-01
-1.375000000000000000e+00
-1.125000000000000000e+00
-1.437500000000000000e+00
-5.000000000000000000e-01
-1.375000000000000000e+00
-1.562500000000000000e+00
-1.750000000000000000e+00
-1.875000000000000000e+00
-1.125000000000000000e+00
-6.250000000000000000e-01
-3.750000000000000000e-01
-2.125000000000000000e+00
-4.375000000000000000e-01
-4.375000000000000000e-01
0.000000000000000000e+00
-6.250000000000000000e-01
-1.062500000000000000e+00
-6.250000000000000000e-01
-1.250000000000000000e+00
-1.250000000000000000e+00
-1.562500000000000000e+00
-8.750000000000000000e-01
-3.250000000000000000e+00
-5.625000000000000000e-01
