-3.000000000000000000e+00
-1.375000000000000000e+00
-2.937500000000000000e+00
-2.875000000000000000e+00
-8.125000000000000000e-01
-1.375000000000000000e+00
-2.812500000000000000e+00
-1.375000000000000000e+00
-2.437500000000000000e+00
-1.937500000000000000e+00
-2.375000000000000000e+00
-1.812500000000000000e+00
-2.687500000000000000e+00
-1.500000000000000000e+00
-1.750000000000000000e+00
-2.687500000000000000e+00
-2.562500000000000000e+00
-2.687500000000000000e+00
-1.312500000000000000e+00
-9.375000000000000000e-01
-1.062500000000000000e+00
-3.687500000000000000e+00
-1.187500000000000000e+00
-1.187500000000000000e+00
-8.750000000000000000e-01
-6.875000000000000000e-01
-1.937500000000000000e+00
-1.687500000000000000e+00
-2.875000000000000000e+00
-2.875000000000000000e+00
-2.625000000000000000e+00
-1.250000000000000000e+00
-3.812500000000000000e+00
-7.500000000000000000e-01
