-3.312500000000000000e+00
-1.750000000000000000e+00
-3.437500000000000000e+00
-2.750000000000000000e+00
-1.000000000000000000e+00
-1.750000000000000000e+00
-2.937500000000000000e+00
-1.750000000000000000e+00
-2.812500000000000000e+00
-2.250000000000000000e+00
-2.625000000000000000e+00
-1.937500000000000000e+00
-2.937500000000000000e+00
-1.750000000000000000e+00
-1.625000000000000000e+00
-2.750000000000000000e+00
-3.000000000000000000e+00
-3.062500000000000000e+00
-1.562500000000000000e+00
-1.125000000000000000e+00
-1.312500000000000000e+00
-3.812500000000000000e+00
-1.437500000000000000e+00
-1.437500000000000000e+00
-1.187500000000000000e+00
-1.000000000000000000e+00
-2.312500000000000000e+00
-1.437500000000000000e+00
-2.750000000000000000e+00
-2.750000000000000000e+00
-2.937500000000000000e+00
-1.250000000000000000e+00
-3.937500000000000000e+00
-6.875000000000000000e-01
