-2.687500000000000000e+00
-1.250000000000000000e+00
-3.062500000000000000e+00
-2.562500000000000000e+00
-7.500000000000000000e-01
-1.250000000000000000e+00
-1.875000000000000000e+00
-1.250000000000000000e+00
-1.937500000000000000e+00
-1.812500000000000000e+00
-2.000000000000000000e+00
-1.750000000000000000e+00
-2.312500000000000000e+00
-1.812500000000000000e+00
-1.250000000000000000e+00
-2.125000000000000000e+00
-2.750000000000000000e+00
-2.937500000000000000e+00
-1.062500000000000000e+00
-1.000000000000000000e+00
-1.750000000000000000e+00
-2.687500000000000000e+00
-1.625000000000000000e+00
-1.625000000000000000e+00
-1.250000000000000000e+00
-1.250000000000000000e+00
-2.437500000000000000e+00
-2.375000000000000000e+00
-2.062500000000000000e+00
-2.062500000000000000e+00
-2.312500000000000000e+00
-8.125000000000000000e-01
-3.187500000000000000e+00
-8.125000000000000000e-01
