-2.937500000000000000e+00
-1.125000000000000000e+00
-3.000000000000000000e+00
-2.750000000000000000e+00
-8.750000000000000000e-01
-1.125000000000000000e+00
-2.750000000000000000e+00
-1.125000000000000000e+00
-2.437500000000000000e+00
-1.875000000000000000e+00
-2.500000000000000000e+00
-2.062500000000000000e+00
-2.625000000000000000e+00
-1.250000000000000000e+00
-1.625000000000000000e+00
-2.687500000000000000e+00
-2.562500000000000000e+00
-2.562500000000000000e+00
-1.625000000000000000e+00
-9.375000000000000000e-01
-1.062500000000000000e+00
-3.500000000000000000e+00
-9.375000000000000000e-01
-9.375000000000000000e-01
-8.125000000000000000e-01
-6.875000000000000000e-01
-1.937500000000000000e+00
-1.562500000000000000e+00
-2.750000000000000000e+00
-2.750000000000000000e+00
-2.500000000000000000e+00
-1.000000000000000000e+00
-3.625000000000000000e+00
-6.250000000000000000e-01
