-2.812500000000000000e+00
-1.125000000000000000e+00
-2.937500000000000000e+00
-2.625000000000000000e+00
-7.500000000000000000e-01
-1.125000000000000000e+00
-2.187500000000000000e+00
-1.125000000000000000e+00
-2.250000000000000000e+00
-1.625000000000000000e+00
-2.437500000000000000e+00
-1.687500000000000000e+00
-2.562500000000000000e+00
-1.125000000000000000e+00
-1.437500000000000000e+00
-2.625000000000000000e+00
-2.062500000000000000e+00
-2.812500000000000000e+00
-1.437500000000000000e+00
-8.125000000000000000e-01
-8.750000000000000000e-01
-3.000000000000000000e+00
-1.000000000000000000e+00
-1.000000000000000000e+00
-4.375000000000000000e-01
-6.875000000000000000e-01
-1.687500000000000000e+00
-1.250000000000000000e+00
-2.312500000000000000e+00
-2.312500000000000000e+00
-2.250000000000000000e+00
-1.125000000000000000e+00
-3.812500000000000000e+00
-6.250000000000000000e-01
