-3.312500000000000000e+00
-1.750000000000000000e+00
-3.187500000000000000e+00
-2.875000000000000000e+00
-1.000000000000000000e+00
-1.750000000000000000e+00
-2.812500000000000000e+00
-1.750000000000000000e+00
-2.562500000000000000e+00
-2.375000000000000000e+00
-2.687500000000000000e+00
-2.187500000000000000e+00
-2.937500000000000000e+00
-1.875000000000000000e+00
-1.812500000000000000e+00
-2.562500000000000000e+00
-2.812500000000000000e+00
-2.750000000000000000e+00
-1.687500000000000000e+00
-9.375000000000000000e-01
-1.500000000000000000e+00
-3.750000000000000000e+00
-1.500000000000000000e+00
-1.500000000000000000e+00
-8.125000000000000000e-01
-1.187500000000000000e+00
-2.250000000000000000e+00
-1.875000000000000000e+00
-2.937500000000000000e+00
-2.937500000000000000e+00
-2.562500000000000000e+00
-1.250000000000000000e+00
-3.750000000000000000e+00
-6.250000000000000000e-01
