-2.562500000000000000e+00
-7.500000000000000000e-01
-2.937500000000000000e+00
-2.062500000000000000e+00
-5.000000000000000000e-01
-7.500000000000000000e-01
-1.937500000000000000e+00
-7.500000000000000000e-01
-1.875000000000000000e+00
-1.375000000000000000e+00
-2.062500000000000000e+00
-1.500000000000000000e+00
-2.375000000000000000e+00
-1.562500000000000000e+00
-1.187500000000000000e+00
-1.750000000000000000e+00
-2.437500000000000000e+00
-2.375000000000000000e+00
-9.375000000000000000e-01
-5.625000000000000000e-01
-1.062500000000000000e+00
-2.437500000000000000e+00
-8.125000000000000000e-01
-8.125000000000000000e-01
-6.875000000000000000e-01
-9.375000000000000000e-01
-1.875000000000000000e+00
-1.562500000000000000e+00
-1.625000000000000000e+00
-1.625000000000000000e+00
-1.875000000000000000e+00
-9.375000000000000000e-01
-2.625000000000000000e+00
-8.125000000000000000e-01
