-3.187500000000000000e+00
-1.375000000000000000e+00
-2.812500000000000000e+00
-2.937500000000000000e+00
-1.062500000000000000e+00
-1.375000000000000000e+00
-2.312500000000000000e+00
-1.375000000000000000e+00
-2.187500000000000000e+00
-1.937500000000000000e+00
-2.562500000000000000e+00
-1.937500000000000000e+00
-2.750000000000000000e+00
-1.375000000000000000e+00
-1.500000000000000000e+00
-2.500000000000000000e+00
-2.625000000000000000e+00
-3.125000000000000000e+00
-1.500000000000000000e+00
-8.750000000000000000e-01
-1.062500000000000000e+00
-3.312500000000000000e+00
-1.062500000000000000e+00
-1.062500000000000000e+00
-8.750000000000000000e-01
-8.125000000000000000e-01
-2.000000000000000000e+00
-1.437500000000000000e+00
-2.500000000000000000e+00
-2.500000000000000000e+00
-2.375000000000000000e+00
-1.125000000000000000e+00
-3.375000000000000000e+00
-8.125000000000000000e-01
