-2.875000000000000000e+00
-1.125000000000000000e+00
-2.875000000000000000e+00
-2.312500000000000000e+00
-6.250000000000000000e-01
-1.125000000000000000e+00
-1.812500000000000000e+00
-1.125000000000000000e+00
-1.937500000000000000e+00
-1.187500000000000000e+00
-2.062500000000000000e+00
-1.312500000000000000e+00
-2.187500000000000000e+00
-1.625000000000000000e+00
-1.187500000000000000e+00
-2.000000000000000000e+00
-2.375000000000000000e+00
-2.625000000000000000e+00
-1.062500000000000000e+00
-6.875000000000000000e-01
-1.000000000000000000e+00
-2.375000000000000000e+00
-1.000000000000000000e+00
-1.000000000000000000e+00
-4.375000000000000000e-01
-1.187500000000000000e+00
-2.187500000000000000e+00
-1.687500000000000000e+00
-1.625000000000000000e+00
-1.625000000000000000e+00
-1.875000000000000000e+00
-8.750000000000000000e-01
-3.062500000000000000e+00
-6.250000000000000000e-01
