-2.437500000000000000e+00
-1.000000000000000000e+00
-2.750000000000000000e+00
-2.437500000000000000e+00
-5.625000000000000000e-01
-1.000000000000000000e+00
-2.000000000000000000e+00
-1.000000000000000000e+00
-1.812500000000000000e+00
-1.187500000000000000e+00
-1.937500000000000000e+00
-1.750000000000000000e+00
-2.000000000000000000e+00
-1.187500000000000000e+00
-1.250000000000000000e+00
-1.937500000000000000e+00
-1.937500000000000000e+00
-2.500000000000000000e+00
-1.125000000000000000e+00
-6.875000000000000000e-01
-1.125000000000000000e+00
-2.750000000000000000e+00
-1.125000000000000000e+00
-1.125000000000000000e+00
-5.625000000000000000e-01
-9.375000000000000000e-01
-1.562500000000000000e+00
-1.250000000000000000e+00
-1.625000000000000000e+00
-1.625000000000000000e+00
-2.125000000000000000e+00
-9.375000000000000000e-01
-3.062500000000000000e+00
-4.375000000000000000e-01
