-2.625000000000000000e+00
-6.875000000000000000e-01
-2.312500000000000000e+00
-2.062500000000000000e+00
-4.375000000000000000e-01
-6.875000000000000000e-01
-2.187500000000000000e+00
-6.875000000000000000e-01
-2.062500000000000000e+00
-1.062500000000000000e+00
-2.000000000000000000e+00
-1.687500000000000000e+00
-2.062500000000000000e+00
-8.125000000000000000e-01
-1.562500000000000000e+00
-2.187500000000000000e+00
-1.812500000000000000e+00
-2.250000000000000000e+00
-1.500000000000000000e+00
-9.375000000000000000e-01
-6.875000000000000000e-01
-2.625000000000000000e+00
-7.500000000000000000e-01
-7.500000000000000000e-01
-1.875000000000000000e-01
-6.875000000000000000e-01
-1.250000000000000000e+00
-1.062500000000000000e+00
-1.687500000000000000e+00
-1.687500000000000000e+00
-1.812500000000000000e+00
-9.375000000000000000e-01
-3.187500000000000000e+00
-4.375000000000000000e-01
