-2.437500000000000000e+00
-8.125000000000000000e-01
-2.687500000000000000e+00
-2.125000000000000000e+00
-6.875000000000000000e-01
-8.125000000000000000e-01
-1.812500000000000000e+00
-8.125000000000000000e-01
-1.812500000000000000e+00
-1.500000000000000000e+00
-2.250000000000000000e+00
-1.625000000000000000e+00
-2.375000000000000000e+00
-1.562500000000000000e+00
-1.437500000000000000e+00
-1.937500000000000000e+00
-2.250000000000000000e+00
-2.875000000000000000e+00
-1.437500000000000000e+00
-8.125000000000000000e-01
-8.750000000000000000e-01
-2.375000000000000000e+00
-1.062500000000000000e+00
-1.062500000000000000e+00
-6.250000000000000000e-01
-8.750000000000000000e-01
-1.812500000000000000e+00
-1.312500000000000000e+00
-2.000000000000000000e+00
-2.000000000000000000e+00
-1.937500000000000000e+00
-7.500000000000000000e-01
-3.000000000000000000e+00
-6.875000000000000000e-01
