-3.312500000000000000e+00
-1.562500000000000000e+00
-3.062500000000000000e+00
-3.250000000000000000e+00
-1.000000000000000000e+00
-1.562500000000000000e+00
-2.875000000000000000e+00
-1.562500000000000000e+00
-2.562500000000000000e+00
-2.125000000000000000e+00
-2.937500000000000000e+00
-2.062500000000000000e+00
-2.937500000000000000e+00
-1.437500000000000000e+00
-1.562500000000000000e+00
-2.687500000000000000e+00
-2.812500000000000000e+00
-2.812500000000000000e+00
-1.687500000000000000e+00
-1.000000000000000000e+00
-1.312500000000000000e+00
-3.625000000000000000e+00
-1.312500000000000000e+00
-1.312500000000000000e+00
-8.750000000000000000e-01
-1.062500000000000000e+00
-2.187500000000000000e+00
-1.750000000000000000e+00
-3.000000000000000000e+00
-3.000000000000000000e+00
-2.687500000000000000e+00
-1.187500000000000000e+00
-3.687500000000000000e+00
-6.875000000000000000e-01
