-3.125000000000000000e+00
-1.250000000000000000e+00
-2.875000000000000000e+00
-3.250000000000000000e+00
-8.750000000000000000e-01
-1.250000000000000000e+00
-2.687500000000000000e+00
-1.250000000000000000e+00
-2.312500000000000000e+00
-1.812500000000000000e+00
-2.687500000000000000e+00
-2.062500000000000000e+00
-2.500000000000000000e+00
-1.312500000000000000e+00
-1.375000000000000000e+00
-2.625000000000000000e+00
-2.500000000000000000e+00
-2.875000000000000000e+00
-1.625000000000000000e+00
-9.375000000000000000e-01
-1.250000000000000000e+00
-3.187500000000000000e+00
-1.250000000000000000e+00
-1.250000000000000000e+00
-6.250000000000000000e-01
-8.125000000000000000e-01
-1.750000000000000000e+00
-1.687500000000000000e+00
-2.875000000000000000e+00
-2.875000000000000000e+00
-2.375000000000000000e+00
-1.062500000000000000e+00
-3.375000000000000000e+00
-6.875000000000000000e-01
