-2.812500000000000000e+00
-7.500000000000000000e-01
-2.437500000000000000e+00
-2.375000000000000000e+00
-8.125000000000000000e-01
-7.500000000000000000e-01
-2.062500000000000000e+00
-7.500000000000000000e-01
-2.000000000000000000e+00
-1.375000000000000000e+00
-2.062500000000000000e+00
-1.562500000000000000e+00
-2.250000000000000000e+00
-8.125000000000000000e-01
-1.437500000000000000e+00
-2.250000000000000000e+00
-1.750000000000000000e+00
-2.375000000000000000e+00
-1.500000000000000000e+00
-8.750000000000000000e-01
-8.125000000000000000e-01
-2.812500000000000000e+00
-1.000000000000000000e+00
-1.000000000000000000e+00
-3.750000000000000000e-01
-5.625000000000000000e-01
-1.625000000000000000e+00
-1.500000000000000000e+00
-2.062500000000000000e+00
-2.062500000000000000e+00
-2.062500000000000000e+00
-1.062500000000000000e+00
-3.500000000000000000e+00
-5.625000000000000000e-01
