-2.625000000000000000e+00
-1.000000000000000000e+00
-2.687500000000000000e+00
-2.750000000000000000e+00
-7.500000000000000000e-01
-1.000000000000000000e+00
-2.187500000000000000e+00
-1.000000000000000000e+00
-2.250000000000000000e+00
-1.562500000000000000e+00
-2.312500000000000000e+00
-1.562500000000000000e+00
-2.562500000000000000e+00
-1.000000000000000000e+00
-1.437500000000000000e+00
-2.562500000000000000e+00
-2.250000000000000000e+00
-2.687500000000000000e+00
-1.437500000000000000e+00
-8.125000000000000000e-01
-1.187500000000000000e+00
-3.000000000000000000e+00
-1.062500000000000000e+00
-1.062500000000000000e+00
-4.375000000000000000e-01
-5.625000000000000000e-01
-1.562500000000000000e+00
-1.312500000000000000e+00
-2.000000000000000000e+00
-2.000000000000000000e+00
-2.250000000000000000e+00
-1.125000000000000000e+00
-3.812500000000000000e+00
-6.250000000000000000e-01
