-2.625000000000000000e+00
-9.375000000000000000e-01
-2.500000000000000000e+00
-2.562500000000000000e+00
-8.125000000000000000e-01
-9.375000000000000000e-01
-2.250000000000000000e+00
-9.375000000000000000e-01
-2.125000000000000000e+00
-1.250000000000000000e+00
-2.312500000000000000e+00
-1.562500000000000000e+00
-2.562500000000000000e+00
-8.125000000000000000e-01
-1.500000000000000000e+00
-2.375000000000000000e+00
-1.750000000000000000e+00
-2.250000000000000000e+00
-1.437500000000000000e+00
-9.375000000000000000e-01
-7.500000000000000000e-01
-2.687500000000000000e+00
-1.187500000000000000e+00
-1.187500000000000000e+00
-5.000000000000000000e-01
-6.875000000000000000e-01
-1.687500000000000000e+00
-1.437500000000000000e+00
-2.250000000000000000e+00
-2.250000000000000000e+00
-2.062500000000000000e+00
-1.125000000000000000e+00
-3.562500000000000000e+00
-7.500000000000000000e-01
