-3.312500000000000000e+00
-1.437500000000000000e+00
-3.000000000000000000e+00
-2.812500000000000000e+00
-7.500000000000000000e-01
-1.437500000000000000e+00
-2.500000000000000000e+00
-1.437500000000000000e+00
-2.437500000000000000e+00
-2.000000000000000000e+00
-2.687500000000000000e+00
-2.125000000000000000e+00
-2.562500000000000000e+00
-1.250000000000000000e+00
-1.750000000000000000e+00
-2.625000000000000000e+00
-2.562500000000000000e+00
-2.750000000000000000e+00
-1.750000000000000000e+00
-1.000000000000000000e+00
-1.312500000000000000e+00
-3.437500000000000000e+00
-1.250000000000000000e+00
-1.250000000000000000e+00
-9.375000000000000000e-01
-6.875000000000000000e-01
-1.875000000000000000e+00
-1.375000000000000000e+00
-2.812500000000000000e+00
-2.812500000000000000e+00
-2.625000000000000000e+00
-1.375000000000000000e+00
-3.812500000000000000e+00
-8.125000000000000000e-01
