-2.375000000000000000e+00
-1.562500000000000000e+00
-3.000000000000000000e+00
-2.250000000000000000e+00
-7.500000000000000000e-01
-1.562500000000000000e+00
-1.937500000000000000e+00
-1.562500000000000000e+00
-1.875000000000000000e+00
-1.875000000000000000e+00
-1.875000000000000000e+00
-1.812500000000000000e+00
-2.562500000000000000e+00
-1.812500000000000000e+00
-1.312500000000000000e+00
-2.062500000000000000e+00
-2.875000000000000000e+00
-2.875000000000000000e+00
-1.250000000000000000e+00
-8.125000000000000000e-01
-1.875000000000000000e+00
-2.500000000000000000e+00
-1.500000000000000000e+00
-1.500000000000000000e+00
-1.187500000000000000e+00
-1.375000000000000000e+00
-2.125000000000000000e+00
-1.875000000000000000e+00
-2.250000000000000000e+00
-2.250000000000000000e+00
-1.812500000000000000e+00
-7.500000000000000000e-01
-3.000000000000000000e+00
-5.000000000000000000e-01
