-2.125000000000000000e+00
-9.375000000000000000e-01
-2.375000000000000000e+00
-2.062500000000000000e+00
-3.750000000000000000e-01
-9.375000000000000000e-01
-1.812500000000000000e+00
-9.375000000000000000e-01
-1.500000000000000000e+00
-1.187500000000000000e+00
-2.000000000000000000e+00
-1.437500000000000000e+00
-2.250000000000000000e+00
-1.125000000000000000e+00
-1.250000000000000000e+00
-1.875000000000000000e+00
-2.250000000000000000e+00
-2.187500000000000000e+00
-1.125000000000000000e+00
-5.625000000000000000e-01
-5.000000000000000000e-01
-2.687500000000000000e+00
-5.625000000000000000e-01
-5.625000000000000000e-01
-1.875000000000000000e-01
-5.625000000000000000e-01
-1.000000000000000000e+00
-1.187500000000000000e+00
-1.937500000000000000e+00
-1.937500000000000000e+00
-1.562500000000000000e+00
-8.750000000000000000e-01
-2.937500000000000000e+00
-4.375000000000000000e-01
