-2.750000000000000000e+00
-1.125000000000000000e+00
-3.187500000000000000e+00
-2.250000000000000000e+00
-4.375000000000000000e-01
-1.125000000000000000e+00
-1.875000000000000000e+00
-1.125000000000000000e+00
-2.187500000000000000e+00
-1.437500000000000000e+00
-2.625000000000000000e+00
-1.687500000000000000e+00
-2.812500000000000000e+00
-2.062500000000000000e+00
-1.187500000000000000e+00
-2.187500000000000000e+00
-2.562500000000000000e+00
-2.812500000000000000e+00
-1.125000000000000000e+00
-5.625000000000000000e-01
-1.000000000000000000e+00
-2.125000000000000000e+00
-8.750000000000000000e-01
-8.750000000000000000e-01
-8.750000000000000000e-01
-1.625000000000000000e+00
-2.000000000000000000e+00
-2.000000000000000000e+00
-2.000000000000000000e+00
-2.000000000000000000e+00
-2.187500000000000000e+00
-8.750000000000000000e-01
-3.125000000000000000e+00
-7.500000000000000000e-01
