-2.500000000000000000e+00
-9.375000000000000000e-01
-2.687500000000000000e+00
-2.187500000000000000e+00
-6.250000000000000000e-01
-9.375000000000000000e-01
-1.750000000000000000e+00
-9.375000000000000000e-01
-1.937500000000000000e+00
-1.437500000000000000e+00
-2.375000000000000000e+00
-1.750000000000000000e+00
-2.125000000000000000e+00
-1.562500000000000000e+00
-1.437500000000000000e+00
-1.875000000000000000e+00
-2.500000000000000000e+00
-2.750000000000000000e+00
-1.125000000000000000e+00
-8.750000000000000000e-01
-1.187500000000000000e+00
-2.500000000000000000e+00
-6.875000000000000000e-01
-6.875000000000000000e-01
-7.500000000000000000e-01
-1.187500000000000000e+00
-1.875000000000000000e+00
-1.437500000000000000e+00
-1.875000000000000000e+00
-1.875000000000000000e+00
-1.937500000000000000e+00
-8.750000000000000000e-01
-3.000000000000000000e+00
-6.875000000000000000e-01
