-2.437500000000000000e+00
-5.000000000000000000e-01
-2.500000000000000000e+00
-2.062500000000000000e+00
-4.375000000000000000e-01
-5.000000000000000000e-01
-2.125000000000000000e+00
-5.000000000000000000e-01
-1.937500000000000000e+00
-1.312500000000000000e+00
-2.125000000000000000e+00
-1.500000000000000000e+00
-2.187500000000000000e+00
-1.062500000000000000e+00
-1.687500000000000000e+00
-1.937500000000000000e+00
-2.062500000000000000e+00
-2.312500000000000000e+00
-1.437500000000000000e+00
-9.375000000000000000e-01
-8.750000000000000000e-01
-2.812500000000000000e+00
-8.125000000000000000e-01
-8.125000000000000000e-01
-6.250000000000000000e-02
-4.375000000000000000e-01
-1.375000000000000000e+00
-1.062500000000000000e+00
-1.687500000000000000e+00
-1.687500000000000000e+00
-1.625000000000000000e+00
-1.125000000000000000e+00
-3.250000000000000000e+00
-6.875000000000000000e-01
