-3.250000000000000000e+00
-1.625000000000000000e+00
-3.000000000000000000e+00
-3.062500000000000000e+00
-9.375000000000000000e-01
-1.625000000000000000e+00
-2.687500000000000000e+00
-1.625000000000000000e+00
-2.687500000000000000e+00
-2.437500000000000000e+00
-2.937500000000000000e+00
-1.937500000000000000e+00
-3.062500000000000000e+00
-1.500000000000000000e+00
-1.812500000000000000e+00
-2.500000000000000000e+00
-2.937500000000000000e+00
-3.062500000000000000e+00
-1.687500000000000000e+00
-1.125000000000000000e+00
-1.375000000000000000e+00
-3.687500000000000000e+00
-1.437500000000000000e+00
-1.437500000000000000e+00
-8.750000000000000000e-01
-1.000000000000000000e+00
-1.875000000000000000e+00
-1.687500000000000000e+00
-3.062500000000000000e+00
-3.062500000000000000e+00
-2.562500000000000000e+00
-1.125000000000000000e+00
-3.750000000000000000e+00
-5.625000000000000000e-01
