-2.250000000000000000e+00
-4.375000000000000000e-01
-2.312500000000000000e+00
-1.750000000000000000e+00
-3.125000000000000000e-01
-4.375000000000000000e-01
-1.625000000000000000e+00
-4.375000000000000000e-01
-1.625000000000000000e+00
-1.000000000000000000e+00
-1.750000000000000000e+00
-1.187500000000000000e+00
-2.125000000000000000e+00
-9.375000000000000000e-01
-1.062500000000000000e+00
-1.812500000000000000e+00
-2.062500000000000000e+00
-1.875000000000000000e+00
-1.250000000000000000e+00
-6.250000000000000000e-01
-4.375000000000000000e-01
-2.250000000000000000e+00
-8.750000000000000000e-01
-8.750000000000000000e-01
-1.250000000000000000e-01
-6.250000000000000000e-01
-1.250000000000000000e+00
-8.750000000000000000e-01
-1.875000000000000000e+00
-1.875000000000000000e+00
-1.625000000000000000e+00
-9.375000000000000000e-01
-3.000000000000000000e+00
-3.750000000000000000e-01
