-2.750000000000000000e+00
-1.000000000000000000e+00
-2.875000000000000000e+00
-2.750000000000000000e+00
-7.500000000000000000e-01
-1.000000000000000000e+00
-2.437500000000000000e+00
-1.000000000000000000e+00
-2.250000000000000000e+00
-1.687500000000000000e+00
-2.250000000000000000e+00
-1.562500000000000000e+00
-2.625000000000000000e+00
-1.000000000000000000e+00
-1.437500000000000000e+00
-2.562500000000000000e+00
-2.375000000000000000e+00
-2.937500000000000000e+00
-1.500000000000000000e+00
-8.750000000000000000e-01
-1.187500000000000000e+00
-2.875000000000000000e+00
-9.375000000000000000e-01
-9.375000000000000000e-01
-6.250000000000000000e-01
-6.250000000000000000e-01
-1.750000000000000000e+00
-1.437500000000000000e+00
-2.500000000000000000e+00
-2.500000000000000000e+00
-2.187500000000000000e+00
-1.187500000000000000e+00
-3.750000000000000000e+00
-5.625000000000000000e-01
