-3.125000000000000000e+00
-1.250000000000000000e+00
-3.312500000000000000e+00
-2.875000000000000000e+00
-7.500000000000000000e-01
-1.250000000000000000e+00
-2.750000000000000000e+00
-1.250000000000000000e+00
-2.500000000000000000e+00
-2.000000000000000000e+00
-2.687500000000000000e+00
-1.812500000000000000e+00
-2.750000000000000000e+00
-1.562500000000000000e+00
-1.375000000000000000e+00
-2.687500000000000000e+00
-2.812500000000000000e+00
-2.812500000000000000e+00
-1.750000000000000000e+00
-9.375000000000000000e-01
-1.125000000000000000e+00
-3.500000000000000000e+00
-8.750000000000000000e-01
-8.750000000000000000e-01
-9.375000000000000000e-01
-8.125000000000000000e-01
-2.062500000000000000e+00
-1.375000000000000000e+00
-2.875000000000000000e+00
-2.875000000000000000e+00
-2.500000000000000000e+00
-1.125000000000000000e+00
-3.625000000000000000e+00
-5.000000000000000000e-01
