-2.187500000000000000e+00
-9.375000000000000000e-01
-2.125000000000000000e+00
-2.250000000000000000e+00
-1.250000000000000000e-01
-9.375000000000000000e-01
-1.687500000000000000e+00
-9.375000000000000000e-01
-1.687500000000000000e+00
-1.187500000000000000e+00
-2.000000000000000000e+00
-1.500000000000000000e+00
-2.250000000000000000e+00
-1.062500000000000000e+00
-1.062500000000000000e+00
-1.875000000000000000e+00
-2.125000000000000000e+00
-2.187500000000000000e+00
-1.125000000000000000e+00
-6.875000000000000000e-01
-5.625000000000000000e-01
-2.500000000000000000e+00
-5.000000000000000000e-01
-5.000000000000000000e-01
-1.250000000000000000e-01
-6.875000000000000000e-01
-1.187500000000000000e+00
-9.375000000000000000e-01
-1.687500000000000000e+00
-1.687500000000000000e+00
-1.687500000000000000e+00
-8.750000000000000000e-01
-3.062500000000000000e+00
-1.875000000000000000e-01
