-3.125000000000000000e+00
-1.562500000000000000e+00
-3.125000000000000000e+00
-3.000000000000000000e+00
-1.000000000000000000e+00
-1.562500000000000000e+00
-2.812500000000000000e+00
-1.562500000000000000e+00
-2.562500000000000000e+00
-2.312500000000000000e+00
-2.812500000000000000e+00
-2.125000000000000000e+00
-2.812500000000000000e+00
-1.875000000000000000e+00
-1.687500000000000000e+00
-2.625000000000000000e+00
-2.937500000000000000e+00
-3.000000000000000000e+00
-1.562500000000000000e+00
-1.062500000000000000e+00
-1.437500000000000000e+00
-4.000000000000000000e+00
-1.687500000000000000e+00
-1.687500000000000000e+00
-7.500000000000000000e-01
-1.062500000000000000e+00
-2.312500000000000000e+00
-1.750000000000000000e+00
-2.937500000000000000e+00
-2.937500000000000000e+00
-2.625000000000000000e+00
-1.312500000000000000e+00
-3.687500000000000000e+00
-5.000000000000000000e-01
