-3.125000000000000000e+00
-1.125000000000000000e+00
-3.250000000000000000e+00
-2.750000000000000000e+00
-1.250000000000000000e+00
-1.125000000000000000e+00
-2.750000000000000000e+00
-1.125000000000000000e+00
-2.437500000000000000e+00
-1.687500000000000000e+00
-2.812500000000000000e+00
-2.062500000000000000e+00
-2.750000000000000000e+00
-1.312500000000000000e+00
-1.562500000000000000e+00
-2.312500000000000000e+00
-2.687500000000000000e+00
-3.062500000000000000e+00
-1.687500000000000000e+00
-1.000000000000000000e+00
-1.437500000000000000e+00
-3.500000000000000000e+00
-1.000000000000000000e+00
-1.000000000000000000e+00
-8.125000000000000000e-01
-1.125000000000000000e+00
-1.937500000000000000e+00
-1.562500000000000000e+00
-2.812500000000000000e+00
-2.812500000000000000e+00
-2.500000000000000000e+00
-9.375000000000000000e-01
-3.625000000000000000e+00
-7.500000000000000000e-01
