-2.125000000000000000e+00
-6.875000000000000000e-01
-2.437500000000000000e+00
-1.812500000000000000e+00
-3.750000000000000000e-01
-6.875000000000000000e-01
-1.750000000000000000e+00
-6.875000000000000000e-01
-1.750000000000000000e+00
-1.062500000000000000e+00
-1.937500000000000000e+00
-1.437500000000000000e+00
-2.062500000000000000e+00
-1.062500000000000000e+00
-1.125000000000000000e+00
-1.875000000000000000e+00
-2.062500000000000000e+00
-1.750000000000000000e+00
-1.250000000000000000e+00
-7.500000000000000000e-01
-3.125000000000000000e-01
-2.437500000000000000e+00
-8.125000000000000000e-01
-8.125000000000000000e-01
0.000000000000000000e+00
-6.875000000000000000e-01
-1.125000000000000000e+00
-1.062500000000000000e+00
-1.687500000000000000e+00
-1.687500000000000000e+00
-1.750000000000000000e+00
-1.062500000000000000e+00
-3.000000000000000000e+00
-3.125000000000000000e-01
