-3.062500000000000000e+00
-1.375000000000000000e+00
-3.000000000000000000e+00
-2.812500000000000000e+00
-8.125000000000000000e-01
-1.375000000000000000e+00
-2.562500000000000000e+00
-1.375000000000000000e+00
-2.500000000000000000e+00
-2.000000000000000000e+00
-2.625000000000000000e+00
-1.875000000000000000e+00
-2.125000000000000000e+00
-1.125000000000000000e+00
-1.375000000000000000e+00
-2.312500000000000000e+00
-2.500000000000000000e+00
-2.875000000000000000e+00
-1.625000000000000000e+00
-6.875000000000000000e-01
-9.375000000000000000e-01
-3.187500000000000000e+00
-1.062500000000000000e+00
-1.062500000000000000e+00
-6.875000000000000000e-01
-6.250000000000000000e-01
-1.500000000000000000e+00
-1.562500000000000000e+00
-2.750000000000000000e+00
-2.750000000000000000e+00
-2.312500000000000000e+00
-1.062500000000000000e+00
-3.312500000000000000e+00
-6.875000000000000000e-01
