-2.625000000000000000e+00
-8.750000000000000000e-01
-3.062500000000000000e+00
-2.312500000000000000e+00
-1.875000000000000000e-01
-8.750000000000000000e-01
-1.875000000000000000e+00
-8.750000000000000000e-01
-1.937500000000000000e+00
-1.312500000000000000e+00
-2.500000000000000000e+00
-1.562500000000000000e+00
-2.812500000000000000e+00
-1.750000000000000000e+00
-1.187500000000000000e+00
-1.937500000000000000e+00
-2.375000000000000000e+00
-2.750000000000000000e+00
-1.125000000000000000e+00
-5.625000000000000000e-01
-7.500000000000000000e-01
-2.187500000000000000e+00
-8.125000000000000000e-01
-8.125000000000000000e-01
-5.000000000000000000e-01
-1.312500000000000000e+00
-1.937500000000000000e+00
-1.750000000000000000e+00
-1.875000000000000000e+00
-1.875000000000000000e+00
-2.000000000000000000e+00
-8.750000000000000000e-01
-2.812500000000000000e+00
-7.500000000000000000e-01
