-2.437500000000000000e+00
-1.625000000000000000e+00
-2.812500000000000000e+00
-2.375000000000000000e+00
-9.375000000000000000e-01
-1.625000000000000000e+00
-1.875000000000000000e+00
-1.625000000000000000e+00
-2.125000000000000000e+00
-1.750000000000000000e+00
-2.187500000000000000e+00
-2.062500000000000000e+00
-2.500000000000000000e+00
-2.062500000000000000e+00
-1.312500000000000000e+00
-2.125000000000000000e+00
-2.500000000000000000e+00
-2.750000000000000000e+00
-1.125000000000000000e+00
-1.062500000000000000e+00
-1.625000000000000000e+00
-2.875000000000000000e+00
-1.250000000000000000e+00
-1.250000000000000000e+00
-1.250000000000000000e+00
-1.312500000000000000e+00
-2.500000000000000000e+00
-2.187500000000000000e+00
-2.187500000000000000e+00
-2.187500000000000000e+00
-2.250000000000000000e+00
-8.125000000000000000e-01
-3.125000000000000000e+00
-9.375000000000000000e-01
